RMSE : 69897.75053629174
MAE : 45289.335998062015