RMSE : 70437.92074219517
MAE : 45425.91593992248