RMSE : 69853.16523680261
MAE : 45260.363614341084