RMSE : 48844.5011821173
MAE : 32935.61716731266