RMSE : 66746.34406324329
MAE : 49411.14434871337