RMSE : 47699.02547260054
MAE : 31877.587805501724