RMSE : 70406.97286420343
MAE : 45349.67877906977