RMSE : 48557.33618531538
MAE : 32704.49549418605