RMSE : 66741.94508693433
MAE : 49407.70325516092