RMSE : 47526.88966309356
MAE : 31715.137037037035